0.0
0.0030303030303030303
0.006060606060606061
0.00909090909090909
0.012121212121212121
0.01515151515151515
0.01818181818181818
0.02121212121212121
0.024242424242424242
0.027272727272727275
0.0303030303030303
0.03333333333333333
0.03636363636363636
0.03939393939393939
0.04242424242424242
0.045454545454545456
0.048484848484848485
0.051515151515151514
0.05454545454545454
0.05757575757575757
0.06060606060606061
0.06363636363636363
0.06666666666666667
0.0696969696969697
0.07272727272727272
0.07575757575757576
0.0787878787878788
0.08181818181818182
0.08484848484848485
0.08787878787878789
0.09090909090909091
0.09393939393939395
0.09696969696969697
0.1
0.10196078431372549
0.10392156862745099
0.10588235294117647
0.10784313725490197
0.10980392156862745
0.11176470588235295
0.11372549019607843
0.11568627450980393
0.11764705882352941
0.11960784313725491
0.12156862745098039
0.12352941176470589
0.12549019607843137
0.12745098039215685
0.12941176470588234
0.13137254901960785
0.13333333333333333
0.13636363636363635
0.1393939393939394
0.14242424242424243
0.14545454545454545
0.14848484848484847
0.15151515151515152
0.15454545454545454
0.15757575757575756
0.16060606060606059
0.16363636363636364
0.16666666666666666
0.1692307692307692
0.1717948717948718
0.17435897435897435
0.17692307692307693
0.1794871794871795
0.18205128205128204
0.18461538461538463
0.18717948717948718
0.18974358974358974
0.19230769230769232
0.19487179487179487
0.19743589743589746
0.2
0.20222222222222222
0.20444444444444446
0.20666666666666667
0.2088888888888889
0.2111111111111111
0.21333333333333335
0.21555555555555556
0.2177777777777778
0.22
0.22222222222222224
0.22444444444444445
0.22666666666666668
0.2288888888888889
0.2311111111111111
0.23333333333333334
0.2361111111111111
0.2388888888888889
0.24166666666666667
0.24444444444444444
0.24722222222222223
0.25
0.25277777777777777
0.25555555555555554
0.2583333333333333
0.2611111111111111
0.2638888888888889
0.26666666666666666
0.26904761904761904
0.2714285714285714
0.2738095238095238
0.2761904761904762
0.2785714285714286
0.28095238095238095
0.2833333333333333
0.2857142857142857
0.28809523809523807
0.29047619047619044
0.29285714285714287
0.29523809523809524
0.2976190476190476
0.3
0.30238095238095236
0.30476190476190473
0.3071428571428571
0.30952380952380953
0.3119047619047619
0.3142857142857143
0.31666666666666665
0.319047619047619
0.3214285714285714
0.32380952380952377
0.3261904761904762
0.32857142857142857
0.33095238095238094
0.3333333333333333
0.33555555555555555
0.33777777777777773
0.33999999999999997
0.3422222222222222
0.34444444444444444
0.3466666666666666
0.34888888888888886
0.3511111111111111
0.35333333333333333
0.3555555555555555
0.35777777777777775
0.36
0.3622222222222222
0.3644444444444444
0.36666666666666664
0.3694444444444444
0.37222222222222223
0.375
0.37777777777777777
0.38055555555555554
0.3833333333333333
0.3861111111111111
0.3888888888888889
0.39166666666666666
0.3944444444444445
0.39722222222222225
0.4
0.40222222222222226
0.40444444444444444
0.4066666666666667
0.4088888888888889
0.41111111111111115
0.41333333333333333
0.41555555555555557
0.4177777777777778
0.42000000000000004
0.4222222222222222
0.42444444444444446
0.4266666666666667
0.42888888888888893
0.4311111111111111
0.43333333333333335
0.4363636363636364
0.4393939393939394
0.44242424242424244
0.4454545454545455
0.4484848484848485
0.45151515151515154
0.45454545454545453
0.4575757575757576
0.46060606060606063
0.4636363636363636
0.4666666666666667
0.46862745098039216
0.47058823529411764
0.4725490196078431
0.4745098039215686
0.47647058823529415
0.47843137254901963
0.4803921568627451
0.4823529411764706
0.4843137254901961
0.48627450980392156
0.48823529411764705
0.49019607843137253
0.49215686274509807
0.49411764705882355
0.49607843137254903
0.4980392156862745
0.5
0.5022222222222222
0.5044444444444445
0.5066666666666667
0.5088888888888888
0.5111111111111111
0.5133333333333333
0.5155555555555555
0.5177777777777778
0.52
0.5222222222222223
0.5244444444444445
0.5266666666666666
0.5288888888888889
0.5311111111111111
0.5333333333333333
0.5355555555555556
0.5377777777777778
0.54
0.5422222222222222
0.5444444444444444
0.5466666666666666
0.5488888888888889
0.5511111111111111
0.5533333333333333
0.5555555555555556
0.5577777777777778
0.5599999999999999
0.5622222222222222
0.5644444444444444
0.5666666666666667
0.57
0.5733333333333334
0.5766666666666667
0.58
0.5833333333333333
0.5866666666666667
0.59
0.5933333333333333
0.5966666666666667
0.6
0.6019607843137255
0.6039215686274509
0.6058823529411764
0.6078431372549019
0.6098039215686274
0.6117647058823529
0.6137254901960784
0.6156862745098038
0.6176470588235294
0.6196078431372549
0.6215686274509804
0.6235294117647059
0.6254901960784314
0.6274509803921569
0.6294117647058823
0.6313725490196078
0.6333333333333333
0.6357142857142857
0.638095238095238
0.6404761904761904
0.6428571428571428
0.6452380952380952
0.6476190476190475
0.6499999999999999
0.6523809523809524
0.6547619047619048
0.6571428571428571
0.6595238095238095
0.6619047619047619
0.6642857142857143
0.6666666666666666
0.6699999999999999
0.6733333333333333
0.6766666666666666
0.6799999999999999
0.6833333333333333
0.6866666666666666
0.69
0.6933333333333332
0.6966666666666667
0.7
0.7023809523809523
0.7047619047619047
0.7071428571428571
0.7095238095238094
0.7119047619047618
0.7142857142857142
0.7166666666666666
0.719047619047619
0.7214285714285714
0.7238095238095238
0.7261904761904762
0.7285714285714285
0.7309523809523809
0.7333333333333333
0.7363636363636363
0.7393939393939394
0.7424242424242424
0.7454545454545455
0.7484848484848485
0.7515151515151515
0.7545454545454545
0.7575757575757576
0.7606060606060606
0.7636363636363637
0.7666666666666667
0.77
0.7733333333333334
0.7766666666666667
0.78
0.7833333333333334
0.7866666666666667
0.79
0.7933333333333333
0.7966666666666667
0.8
0.8030303030303031
0.8060606060606061
0.8090909090909091
0.8121212121212121
0.8151515151515152
0.8181818181818182
0.8212121212121213
0.8242424242424243
0.8272727272727273
0.8303030303030303
0.8333333333333334
0.8361111111111111
0.8388888888888889
0.8416666666666667
0.8444444444444444
0.8472222222222222
0.8500000000000001
0.8527777777777779
0.8555555555555556
0.8583333333333334
0.8611111111111112
0.8638888888888889
0.8666666666666667
0.8694444444444445
0.8722222222222222
0.875
0.8777777777777778
0.8805555555555555
0.8833333333333333
0.8861111111111112
0.888888888888889
0.8916666666666667
0.8944444444444445
0.8972222222222223
0.9
0.9027777777777778
0.9055555555555556
0.9083333333333333
0.9111111111111111
0.9138888888888889
0.9166666666666667
0.9194444444444445
0.9222222222222223
0.925
0.9277777777777778
0.9305555555555556
0.9333333333333333
0.9357142857142857
0.9380952380952381
0.9404761904761905
0.9428571428571428
0.9452380952380952
0.9476190476190476
0.95
0.9523809523809524
0.9547619047619048
0.9571428571428572
0.9595238095238096
0.9619047619047619
0.9642857142857143
0.9666666666666667
0.9692307692307692
0.9717948717948718
0.9743589743589743
0.9769230769230769
0.9794871794871794
0.982051282051282
0.9846153846153847
0.9871794871794872
0.9897435897435898
0.9923076923076923
0.9948717948717949
0.9974358974358974
1.0
1.0023809523809524
1.0047619047619047
1.0071428571428571
1.0095238095238095
1.0119047619047619
1.0142857142857142
1.0166666666666666
1.0190476190476192
1.0214285714285716
1.023809523809524
1.0261904761904763
1.0285714285714287
1.030952380952381
1.0333333333333334
1.035897435897436
1.0384615384615385
1.041025641025641
1.0435897435897437
1.0461538461538462
1.0487179487179488
1.0512820512820513
1.0538461538461539
1.0564102564102564
1.058974358974359
1.0615384615384615
1.064102564102564
1.0666666666666667
1.0694444444444444
1.0722222222222222
1.075
1.0777777777777777
1.0805555555555555
1.0833333333333335
1.0861111111111112
1.088888888888889
1.0916666666666668
1.0944444444444446
1.0972222222222223
1.1
1.1023809523809525
1.1047619047619048
1.1071428571428572
1.1095238095238096
1.111904761904762
1.1142857142857143
1.1166666666666667
1.119047619047619
1.1214285714285714
1.1238095238095238
1.1261904761904762
1.1285714285714286
1.130952380952381
1.1333333333333333
1.1363636363636362
1.1393939393939394
1.1424242424242423
1.1454545454545455
1.1484848484848484
1.1515151515151516
1.1545454545454545
1.1575757575757577
1.1606060606060606
1.1636363636363638
1.1666666666666667
1.1696969696969697
1.1727272727272728
1.1757575757575758
1.1787878787878787
1.1818181818181819
1.1848484848484848
1.187878787878788
1.190909090909091
1.1939393939393939
1.196969696969697
1.2
1.203030303030303
1.206060606060606
1.209090909090909
1.2121212121212122
1.215151515151515
1.2181818181818183
1.2212121212121212
1.2242424242424244
1.2272727272727273
1.2303030303030305
1.2333333333333334
1.2361111111111112
1.238888888888889
1.2416666666666667
1.2444444444444445
1.2472222222222222
1.25
1.2527777777777778
1.2555555555555555
1.2583333333333333
1.261111111111111
1.2638888888888888
1.2666666666666666
1.27
1.2733333333333332
1.2766666666666666
1.28
1.2833333333333332
1.2866666666666666
1.29
1.2933333333333334
1.2966666666666666
1.3
1.3033333333333335
1.3066666666666666
1.31
1.3133333333333332
1.3166666666666667
1.32
1.3233333333333333
1.3266666666666667
1.3299999999999998
1.3333333333333333
1.337037037037037
1.3407407407407408
1.3444444444444443
1.348148148148148
1.3518518518518519
1.3555555555555556
1.3592592592592592
1.362962962962963
1.3666666666666667
1.3696969696969696
1.3727272727272728
1.3757575757575757
1.3787878787878787
1.3818181818181818
1.3848484848484848
1.387878787878788
1.3909090909090909
1.3939393939393938
1.396969696969697
1.4
1.4030303030303028
1.406060606060606
1.409090909090909
1.412121212121212
1.415151515151515
1.4181818181818182
1.4212121212121211
1.4242424242424243
1.4272727272727272
1.4303030303030304
1.4333333333333333
1.4361111111111111
1.4388888888888889
1.4416666666666667
1.4444444444444444
1.4472222222222222
1.45
1.4527777777777777
1.4555555555555555
1.4583333333333333
1.461111111111111
1.4638888888888888
1.4666666666666666
1.4692307692307691
1.4717948717948717
1.4743589743589742
1.4769230769230768
1.4794871794871793
1.482051282051282
1.4846153846153847
1.4871794871794872
1.4897435897435898
1.4923076923076923
1.494871794871795
1.4974358974358974
1.5
1.5025641025641026
1.505128205128205
1.5076923076923077
1.5102564102564102
1.5128205128205128
1.5153846153846153
1.517948717948718
1.5205128205128207
1.5230769230769232
1.5256410256410258
1.5282051282051283
1.5307692307692309
1.5333333333333334
1.5375
1.5416666666666667
1.5458333333333334
1.55
1.5541666666666667
1.5583333333333333
1.5625
1.5666666666666667
1.5692307692307692
1.5717948717948718
1.5743589743589743
1.5769230769230769
1.5794871794871794
1.582051282051282
1.5846153846153848
1.5871794871794873
1.5897435897435899
1.5923076923076924
1.594871794871795
1.5974358974358975
1.6
1.603030303030303
1.6060606060606062
1.6090909090909091
1.612121212121212
1.6151515151515152
1.6181818181818182
1.6212121212121213
1.6242424242424243
1.6272727272727272
1.6303030303030304
1.6333333333333333
1.6363636363636362
1.6393939393939394
1.6424242424242423
1.6454545454545455
1.6484848484848484
1.6515151515151516
1.6545454545454545
1.6575757575757577
1.6606060606060606
1.6636363636363638
1.6666666666666667
1.6703703703703705
1.674074074074074
1.6777777777777778
1.6814814814814816
1.6851851851851851
1.6888888888888889
1.6925925925925926
1.6962962962962962
1.7
1.7041666666666666
1.7083333333333333
1.7125
1.7166666666666668
1.7208333333333334
1.725
1.7291666666666667
1.7333333333333334
1.734920634920635
1.7365079365079366
1.7380952380952381
1.7396825396825397
1.7412698412698413
1.7428571428571429
1.7444444444444445
1.746031746031746
1.7476190476190476
1.7492063492063492
1.7507936507936508
1.7523809523809524
1.753968253968254
1.7555555555555555
1.7571428571428571
1.7587301587301587
1.7603174603174603
1.7619047619047619
1.7634920634920634
1.765079365079365
1.7666666666666666
1.77
1.7733333333333332
1.7766666666666666
1.78
1.7833333333333332
1.7866666666666666
1.79
1.7933333333333334
1.7966666666666666
1.8
1.8033333333333335
1.8066666666666666
1.81
1.8133333333333332
1.8166666666666667
1.82
1.8233333333333333
1.8266666666666667
1.8299999999999998
1.8333333333333333
1.8366666666666667
1.8399999999999999
1.8433333333333333
1.8466666666666667
1.85
1.8533333333333333
1.8566666666666667
1.86
1.8633333333333333
1.8666666666666667
1.8696969696969696
1.8727272727272728
1.8757575757575757
1.8787878787878787
1.8818181818181818
1.8848484848484848
1.887878787878788
1.8909090909090909
1.8939393939393938
1.896969696969697
1.9
1.9025641025641025
1.905128205128205
1.9076923076923076
1.9102564102564101
1.9128205128205127
1.9153846153846152
1.917948717948718
1.9205128205128206
1.9230769230769231
1.9256410256410257
1.9282051282051282
1.9307692307692308
1.9333333333333333
1.935897435897436
1.9384615384615385
1.941025641025641
1.9435897435897436
1.9461538461538461
1.9487179487179487
1.9512820512820512
1.9538461538461538
1.9564102564102563
1.958974358974359
1.9615384615384615
1.964102564102564
1.9666666666666666
1.9694444444444443
1.972222222222222
1.9749999999999999
1.9777777777777776
1.9805555555555554
1.9833333333333334
1.9861111111111112
1.988888888888889
1.9916666666666667
1.9944444444444445
1.9972222222222222
2.0
2.002222222222222
2.0044444444444443
2.006666666666667
2.008888888888889
2.011111111111111
2.013333333333333
2.0155555555555553
2.017777777777778
2.02
2.022222222222222
2.0244444444444443
2.0266666666666664
2.028888888888889
2.031111111111111
2.033333333333333
2.0358974358974358
2.0384615384615383
2.041025641025641
2.0435897435897434
2.046153846153846
2.0487179487179485
2.0512820512820515
2.053846153846154
2.0564102564102567
2.058974358974359
2.0615384615384618
2.0641025641025643
2.066666666666667
2.06875
2.0708333333333337
2.072916666666667
2.075
2.0770833333333334
2.0791666666666666
2.0812500000000003
2.0833333333333335
2.0854166666666667
2.0875000000000004
2.0895833333333336
2.091666666666667
2.09375
2.095833333333333
2.097916666666667
2.1
2.103030303030303
2.106060606060606
2.1090909090909093
2.1121212121212123
2.1151515151515152
2.118181818181818
2.121212121212121
2.124242424242424
2.1272727272727274
2.1303030303030304
2.1333333333333333
2.136111111111111
2.138888888888889
2.1416666666666666
2.1444444444444444
2.147222222222222
2.15
2.1527777777777777
2.1555555555555554
2.158333333333333
2.161111111111111
2.1638888888888888
2.1666666666666665
2.168627450980392
2.1705882352941175
2.172549019607843
2.1745098039215685
2.176470588235294
2.1784313725490194
2.180392156862745
2.1823529411764704
2.1843137254901963
2.186274509803922
2.1882352941176473
2.1901960784313728
2.1921568627450982
2.1941176470588237
2.196078431372549
2.1980392156862747
2.2
2.2025641025641027
2.2051282051282053
2.207692307692308
2.2102564102564104
2.212820512820513
2.2153846153846155
2.217948717948718
2.2205128205128206
2.223076923076923
2.2256410256410257
2.2282051282051283
2.230769230769231
2.2333333333333334
2.236666666666667
2.24
2.243333333333333
2.2466666666666666
2.25
2.2533333333333334
2.256666666666667
2.26
2.263333333333333
2.2666666666666666
2.2694444444444444
2.272222222222222
2.275
2.2777777777777777
2.2805555555555554
2.283333333333333
2.286111111111111
2.2888888888888888
2.2916666666666665
2.2944444444444443
2.297222222222222
2.3
2.3027777777777776
2.3055555555555554
2.308333333333333
2.311111111111111
2.3138888888888887
2.3166666666666664
2.3194444444444446
2.3222222222222224
2.325
2.327777777777778
2.3305555555555557
2.3333333333333335
2.3361111111111112
2.338888888888889
2.341666666666667
2.3444444444444446
2.3472222222222223
2.35
2.352777777777778
2.3555555555555556
2.3583333333333334
2.361111111111111
2.363888888888889
2.3666666666666667
2.369047619047619
2.3714285714285714
2.373809523809524
2.376190476190476
2.3785714285714286
2.380952380952381
2.3833333333333333
2.3857142857142857
2.388095238095238
2.3904761904761904
2.392857142857143
2.395238095238095
2.3976190476190475
2.4
2.4025641025641025
2.405128205128205
2.4076923076923076
2.41025641025641
2.4128205128205127
2.4153846153846152
2.417948717948718
2.4205128205128204
2.423076923076923
2.4256410256410255
2.428205128205128
2.4307692307692306
2.433333333333333
2.4354166666666663
2.4375
2.439583333333333
2.4416666666666664
2.44375
2.4458333333333333
2.4479166666666665
2.45
2.4520833333333334
2.4541666666666666
2.45625
2.4583333333333335
2.4604166666666667
2.4625
2.4645833333333336
2.466666666666667
2.4692307692307693
2.471794871794872
2.4743589743589745
2.476923076923077
2.4794871794871796
2.482051282051282
2.4846153846153847
2.4871794871794872
2.48974358974359
2.4923076923076923
2.494871794871795
2.4974358974358974
2.5
2.503030303030303
2.506060606060606
2.5090909090909093
2.512121212121212
2.515151515151515
2.518181818181818
2.521212121212121
2.524242424242424
2.5272727272727273
2.5303030303030303
2.533333333333333
2.536363636363636
2.5393939393939395
2.5424242424242425
2.5454545454545454
2.5484848484848484
2.5515151515151517
2.5545454545454547
2.5575757575757576
2.5606060606060606
2.563636363636364
2.566666666666667
2.5692307692307694
2.571794871794872
2.5743589743589745
2.576923076923077
2.5794871794871796
2.582051282051282
2.5846153846153848
2.5871794871794873
2.58974358974359
2.5923076923076924
2.594871794871795
2.5974358974358975
2.6
2.6023809523809525
2.604761904761905
2.607142857142857
2.6095238095238096
2.611904761904762
2.6142857142857143
2.6166666666666667
2.619047619047619
2.6214285714285714
2.623809523809524
2.626190476190476
2.6285714285714286
2.630952380952381
2.6333333333333333
2.635897435897436
2.6384615384615384
2.641025641025641
2.6435897435897435
2.646153846153846
2.6487179487179486
2.651282051282051
2.6538461538461537
2.6564102564102563
2.658974358974359
2.6615384615384614
2.664102564102564
2.6666666666666665
2.6688888888888886
2.671111111111111
2.6733333333333333
2.6755555555555555
2.6777777777777776
2.68
2.6822222222222223
2.6844444444444444
2.6866666666666665
2.688888888888889
2.6911111111111112
2.6933333333333334
2.6955555555555555
2.697777777777778
2.7
2.7020833333333334
2.7041666666666666
2.7062500000000003
2.7083333333333335
2.7104166666666667
2.7125000000000004
2.7145833333333336
2.716666666666667
2.71875
2.720833333333333
2.722916666666667
2.725
2.7270833333333333
2.729166666666667
2.73125
2.7333333333333334
2.7347222222222225
2.736111111111111
2.7375
2.738888888888889
2.740277777777778
2.7416666666666667
2.7430555555555554
2.7444444444444445
2.7458333333333336
2.7472222222222222
2.748611111111111
2.75
2.751388888888889
2.7527777777777778
2.7541666666666664
2.7555555555555555
2.7569444444444446
2.7583333333333333
2.759722222222222
2.761111111111111
2.7625
2.763888888888889
2.7652777777777775
2.7666666666666666
2.77037037037037
2.774074074074074
2.7777777777777777
2.781481481481481
2.785185185185185
2.7888888888888888
2.7925925925925923
2.7962962962962963
2.8
2.8025641025641024
2.805128205128205
2.8076923076923075
2.81025641025641
2.8128205128205126
2.815384615384615
2.817948717948718
2.8205128205128207
2.8230769230769233
2.825641025641026
2.8282051282051284
2.830769230769231
2.8333333333333335
2.8361111111111112
2.838888888888889
2.841666666666667
2.8444444444444446
2.8472222222222223
2.85
2.852777777777778
2.8555555555555556
2.8583333333333334
2.861111111111111
2.863888888888889
2.8666666666666667
2.8692307692307693
2.871794871794872
2.8743589743589744
2.876923076923077
2.8794871794871795
2.882051282051282
2.8846153846153846
2.887179487179487
2.8897435897435897
2.8923076923076922
2.894871794871795
2.8974358974358974
2.9
2.9025641025641025
2.905128205128205
2.9076923076923076
2.91025641025641
2.9128205128205127
2.9153846153846152
2.917948717948718
2.9205128205128204
2.923076923076923
2.9256410256410255
2.928205128205128
2.9307692307692306
2.933333333333333
2.936111111111111
2.9388888888888887
2.9416666666666664
2.944444444444444
2.947222222222222
2.95
2.952777777777778
2.9555555555555557
2.9583333333333335
2.9611111111111112
2.963888888888889
2.966666666666667
2.968518518518519
2.9703703703703703
2.9722222222222223
2.9740740740740743
2.975925925925926
2.977777777777778
2.97962962962963
2.9814814814814814
2.9833333333333334
2.9851851851851854
2.987037037037037
2.988888888888889
2.990740740740741
2.9925925925925925
2.9944444444444445
2.9962962962962965
2.998148148148148
3.0
3.003030303030303
3.006060606060606
3.0090909090909093
3.012121212121212
3.015151515151515
3.018181818181818
3.021212121212121
3.024242424242424
3.0272727272727273
3.0303030303030303
3.033333333333333
3.0348484848484847
3.036363636363636
3.0378787878787876
3.0393939393939395
3.040909090909091
3.0424242424242425
3.043939393939394
3.0454545454545454
3.046969696969697
3.0484848484848484
3.05
3.0515151515151517
3.053030303030303
3.0545454545454547
3.056060606060606
3.0575757575757576
3.059090909090909
3.0606060606060606
3.0621212121212125
3.063636363636364
3.0651515151515154
3.066666666666667
3.068421052631579
3.0701754385964914
3.0719298245614035
3.073684210526316
3.075438596491228
3.0771929824561406
3.0789473684210527
3.080701754385965
3.0824561403508772
3.0842105263157897
3.085964912280702
3.0877192982456143
3.0894736842105264
3.091228070175439
3.092982456140351
3.0947368421052635
3.0964912280701755
3.098245614035088
3.1
3.102777777777778
3.1055555555555556
3.1083333333333334
3.111111111111111
3.113888888888889
3.1166666666666667
3.1194444444444445
3.1222222222222222
3.125
3.1277777777777778
3.1305555555555555
3.1333333333333333
3.135897435897436
3.1384615384615384
3.141025641025641
3.1435897435897435
3.146153846153846
3.1487179487179486
3.151282051282051
3.1538461538461537
3.1564102564102563
3.158974358974359
3.1615384615384614
3.164102564102564
3.1666666666666665
3.169230769230769
3.1717948717948716
3.174358974358974
3.1769230769230767
3.1794871794871793
3.182051282051282
3.184615384615385
3.1871794871794874
3.18974358974359
3.1923076923076925
3.194871794871795
3.1974358974358976
3.2
3.203030303030303
3.206060606060606
3.2090909090909094
3.2121212121212124
3.2151515151515153
3.2181818181818183
3.221212121212121
3.224242424242424
3.2272727272727275
3.2303030303030305
3.2333333333333334
3.235897435897436
3.2384615384615385
3.241025641025641
3.2435897435897436
3.246153846153846
3.2487179487179487
3.2512820512820513
3.253846153846154
3.2564102564102564
3.258974358974359
3.2615384615384615
3.264102564102564
3.2666666666666666
3.2694444444444444
3.272222222222222
3.275
3.2777777777777777
3.2805555555555554
3.283333333333333
3.286111111111111
3.2888888888888888
3.2916666666666665
3.2944444444444443
3.297222222222222
3.3
3.3025641025641024
3.305128205128205
3.3076923076923075
3.31025641025641
3.3128205128205126
3.315384615384615
3.317948717948718
3.3205128205128207
3.3230769230769233
3.325641025641026
3.3282051282051284
3.330769230769231
3.3333333333333335
3.336666666666667
3.3400000000000003
3.3433333333333333
3.3466666666666667
3.35
3.3533333333333335
3.356666666666667
3.36
3.3633333333333333
3.3666666666666667
3.368888888888889
3.371111111111111
3.3733333333333335
3.3755555555555556
3.3777777777777778
3.38
3.382222222222222
3.3844444444444446
3.3866666666666667
3.388888888888889
3.391111111111111
3.393333333333333
3.3955555555555557
3.397777777777778
3.4
3.4033333333333333
3.4066666666666667
3.4099999999999997
3.413333333333333
3.4166666666666665
3.42
3.4233333333333333
3.4266666666666663
3.4299999999999997
3.433333333333333
3.4375
3.4416666666666664
3.4458333333333333
3.45
3.4541666666666666
3.4583333333333335
3.4625
3.466666666666667
3.47
3.4733333333333336
3.4766666666666666
3.48
3.4833333333333334
3.486666666666667
3.49
3.493333333333333
3.4966666666666666
3.5
3.5027777777777778
3.5055555555555555
3.5083333333333333
3.511111111111111
3.513888888888889
3.5166666666666666
3.5194444444444444
3.522222222222222
3.525
3.5277777777777777
3.5305555555555554
3.533333333333333
3.5349999999999997
3.5366666666666666
3.538333333333333
3.54
3.5416666666666665
3.5433333333333334
3.545
3.546666666666667
3.5483333333333333
3.55
3.5516666666666667
3.5533333333333332
3.555
3.5566666666666666
3.5583333333333336
3.56
3.561666666666667
3.5633333333333335
3.5650000000000004
3.566666666666667
3.5694444444444446
3.5722222222222224
3.575
3.577777777777778
3.5805555555555557
3.5833333333333335
3.5861111111111112
3.588888888888889
3.591666666666667
3.5944444444444446
3.5972222222222223
3.6
3.6055555555555556
3.611111111111111
3.6166666666666667
3.6222222222222222
3.6277777777777778
3.6333333333333333
3.637037037037037
3.640740740740741
3.6444444444444444
3.648148148148148
3.651851851851852
3.6555555555555554
3.659259259259259
3.662962962962963
3.6666666666666665
3.67037037037037
3.674074074074074
3.6777777777777776
3.6814814814814816
3.685185185185185
3.688888888888889
3.6925925925925926
3.6962962962962966
3.7
3.703030303030303
3.706060606060606
3.7090909090909094
3.7121212121212124
3.7151515151515153
3.7181818181818183
3.721212121212121
3.724242424242424
3.7272727272727275
3.7303030303030305
3.7333333333333334
3.738095238095238
3.742857142857143
3.7476190476190476
3.7523809523809524
3.757142857142857
3.761904761904762
3.7666666666666666
3.772222222222222
3.7777777777777777
3.783333333333333
3.7888888888888888
3.7944444444444443
3.8
3.8037037037037034
3.8074074074074074
3.811111111111111
3.814814814814815
3.8185185185185184
3.8222222222222224
3.825925925925926
3.82962962962963
3.8333333333333335
3.8375000000000004
3.841666666666667
3.845833333333333
3.85
3.854166666666667
3.8583333333333334
3.8625
3.8666666666666667
3.8696969696969696
3.8727272727272726
3.875757575757576
3.878787878787879
3.881818181818182
3.8848484848484848
3.8878787878787877
3.8909090909090907
3.893939393939394
3.896969696969697
3.9
3.9027777777777777
3.9055555555555554
3.908333333333333
3.911111111111111
3.9138888888888888
3.9166666666666665
3.9194444444444443
3.922222222222222
3.925
3.9277777777777776
3.9305555555555554
3.933333333333333
3.9370370370370367
3.9407407407407407
3.944444444444444
3.948148148148148
3.9518518518518517
3.9555555555555557
3.9592592592592593
3.9629629629629632
3.966666666666667
3.9694444444444446
3.9722222222222223
3.975
3.977777777777778
3.9805555555555556
3.9833333333333334
3.986111111111111
3.988888888888889
3.9916666666666667
3.9944444444444445
3.9972222222222222
4.0
4.006666666666667
4.013333333333334
4.02
4.026666666666666
4.033333333333333
4.0375
4.041666666666666
4.045833333333333
4.05
4.054166666666666
4.058333333333334
4.0625
4.066666666666666
4.072222222222222
4.0777777777777775
4.083333333333333
4.088888888888889
4.094444444444444
4.1
4.104761904761904
4.109523809523809
4.114285714285714
4.1190476190476195
4.123809523809524
4.128571428571429
4.133333333333334
4.1375
4.1416666666666675
4.145833333333334
4.15
4.154166666666667
4.158333333333333
4.1625000000000005
4.166666666666667
4.171428571428572
4.1761904761904765
4.180952380952381
4.185714285714286
4.190476190476191
4.195238095238095
4.2
4.203333333333333
4.206666666666667
4.21
4.213333333333334
4.216666666666667
4.22
4.223333333333334
4.226666666666667
4.23
4.233333333333333
4.237037037037037
4.2407407407407405
4.2444444444444445
4.2481481481481485
4.2518518518518515
4.2555555555555555
4.2592592592592595
4.262962962962963
4.266666666666667
4.270370370370371
4.274074074074074
4.277777777777778
4.281481481481482
4.285185185185185
4.288888888888889
4.292592592592593
4.296296296296296
4.3
4.305555555555555
4.311111111111111
4.316666666666666
4.322222222222222
4.3277777777777775
4.333333333333333
4.336666666666666
4.34
4.343333333333333
4.346666666666667
4.35
4.353333333333333
4.3566666666666665
4.359999999999999
4.363333333333333
4.366666666666666
4.371428571428571
4.376190476190476
4.3809523809523805
4.385714285714286
4.390476190476191
4.395238095238096
4.4
4.404166666666667
4.408333333333333
4.4125000000000005
4.416666666666667
4.420833333333333
4.425000000000001
4.429166666666667
4.433333333333334
4.438095238095238
4.442857142857143
4.447619047619048
4.4523809523809526
4.457142857142857
4.461904761904762
4.466666666666667
4.4714285714285715
4.476190476190476
4.480952380952381
4.485714285714286
4.4904761904761905
4.495238095238095
4.5
4.504166666666666
4.508333333333333
4.5125
4.516666666666667
4.520833333333333
4.525
4.529166666666667
4.533333333333333
4.538095238095238
4.542857142857143
4.5476190476190474
4.552380952380952
4.557142857142857
4.561904761904762
4.566666666666666
4.571428571428571
4.576190476190476
4.580952380952381
4.585714285714285
4.59047619047619
4.595238095238095
4.6
4.604761904761904
4.609523809523809
4.614285714285714
4.6190476190476195
4.623809523809524
4.628571428571429
4.633333333333334
4.6380952380952385
4.642857142857143
4.647619047619048
4.652380952380953
4.6571428571428575
4.661904761904762
4.666666666666667
4.671428571428572
4.6761904761904765
4.680952380952381
4.685714285714286
4.690476190476191
4.695238095238095
4.7
4.702564102564103
4.705128205128205
4.707692307692308
4.71025641025641
4.712820512820513
4.7153846153846155
4.717948717948718
4.720512820512821
4.723076923076923
4.725641025641026
4.728205128205128
4.730769230769231
4.733333333333333
4.736363636363636
4.739393939393939
4.742424242424242
4.745454545454545
4.748484848484848
4.751515151515152
4.754545454545455
4.757575757575758
4.760606060606061
4.763636363636364
4.766666666666667
4.770833333333333
4.775
4.779166666666667
4.783333333333333
4.7875
4.791666666666666
4.795833333333333
4.8
4.802380952380952
4.804761904761905
4.807142857142857
4.809523809523809
4.811904761904762
4.814285714285714
4.816666666666666
4.819047619047619
4.821428571428571
4.8238095238095235
4.826190476190476
4.828571428571428
4.830952380952381
4.833333333333333
4.835555555555556
4.837777777777777
4.84
4.8422222222222215
4.844444444444444
4.846666666666667
4.848888888888888
4.851111111111111
4.853333333333333
4.855555555555555
4.857777777777778
4.859999999999999
4.862222222222222
4.864444444444444
4.866666666666666
4.869999999999999
4.873333333333333
4.876666666666667
4.88
4.883333333333333
4.886666666666667
4.890000000000001
4.8933333333333335
4.8966666666666665
4.9
4.904166666666667
4.908333333333333
4.9125000000000005
4.916666666666667
4.920833333333333
4.925000000000001
4.929166666666667
4.933333333333334
4.9375
4.941666666666666
4.945833333333334
4.95
4.954166666666667
4.958333333333334
4.9625
4.966666666666667
4.97
4.973333333333334
4.976666666666667
4.98
4.983333333333333
4.986666666666666
4.99
4.993333333333333
4.996666666666667
5.0
5.004166666666666
5.008333333333333
5.0125
5.016666666666667
5.020833333333333
5.025
5.029166666666667
5.033333333333333
5.036666666666666
5.04
5.043333333333333
5.046666666666667
5.05
5.053333333333333
5.056666666666667
5.06
5.0633333333333335
5.066666666666666
5.069444444444445
5.072222222222222
5.074999999999999
5.0777777777777775
5.080555555555556
5.083333333333333
5.08611111111111
5.088888888888889
5.091666666666667
5.094444444444444
5.097222222222221
5.1
5.102777777777778
5.105555555555555
5.108333333333333
5.111111111111111
5.113888888888889
5.116666666666667
5.1194444444444445
5.122222222222223
5.125
5.127777777777778
5.1305555555555555
5.133333333333334
5.136363636363637
5.13939393939394
5.142424242424243
5.1454545454545455
5.148484848484848
5.151515151515152
5.154545454545455
5.157575757575758
5.160606060606061
5.163636363636364
5.166666666666667
5.1686274509803924
5.170588235294118
5.172549019607843
5.174509803921569
5.176470588235294
5.17843137254902
5.180392156862745
5.182352941176471
5.184313725490196
5.186274509803922
5.188235294117647
5.190196078431373
5.192156862745098
5.194117647058824
5.196078431372549
5.198039215686275
5.2
5.203703703703704
5.207407407407407
5.211111111111111
5.214814814814815
5.218518518518518
5.222222222222222
5.225925925925926
5.229629629629629
5.233333333333333
5.236666666666666
5.24
5.243333333333333
5.246666666666667
5.25
5.253333333333333
5.256666666666667
5.26
5.263333333333334
5.266666666666667
5.269444444444444
5.272222222222222
5.275
5.277777777777778
5.280555555555555
5.283333333333333
5.286111111111111
5.288888888888889
5.291666666666666
5.294444444444444
5.2972222222222225
5.3
5.303703703703704
5.307407407407407
5.311111111111111
5.314814814814815
5.318518518518518
5.322222222222222
5.325925925925926
5.329629629629629
5.333333333333333
5.336666666666666
5.34
5.343333333333333
5.346666666666667
5.35
5.353333333333333
5.3566666666666665
5.359999999999999
5.363333333333333
5.366666666666666
5.370833333333333
5.375
5.379166666666666
5.383333333333333
5.3875
5.391666666666667
5.395833333333334
5.4
5.403030303030303
5.406060606060606
5.409090909090909
5.412121212121212
5.415151515151515
5.418181818181819
5.421212121212122
5.424242424242425
5.427272727272728
5.430303030303031
5.433333333333334
5.4363636363636365
5.4393939393939394
5.442424242424242
5.445454545454545
5.448484848484848
5.451515151515152
5.454545454545455
5.457575757575758
5.460606060606061
5.463636363636364
5.466666666666667
5.470833333333333
5.475
5.479166666666667
5.483333333333333
5.4875
5.491666666666667
5.495833333333334
5.5
5.502777777777778
5.5055555555555555
5.508333333333333
5.511111111111111
5.513888888888889
5.516666666666667
5.519444444444444
5.522222222222222
5.525
5.527777777777778
5.530555555555555
5.533333333333333
5.536666666666666
5.54
5.543333333333333
5.546666666666667
5.55
5.553333333333333
5.556666666666667
5.56
5.5633333333333335
5.566666666666666
5.569444444444445
5.572222222222222
5.574999999999999
5.5777777777777775
5.580555555555556
5.583333333333333
5.58611111111111
5.588888888888889
5.591666666666667
5.594444444444444
5.597222222222221
5.6
5.602777777777778
5.605555555555555
5.608333333333333
5.611111111111111
5.613888888888889
5.616666666666667
5.6194444444444445
5.622222222222223
5.625
5.627777777777778
5.6305555555555555
5.633333333333334
5.636666666666667
5.640000000000001
5.6433333333333335
5.646666666666667
5.65
5.653333333333333
5.656666666666667
5.66
5.663333333333334
5.666666666666667
5.6722222222222225
5.677777777777778
5.683333333333334
5.688888888888889
5.694444444444445
5.7
5.704166666666667
5.708333333333334
5.7125
5.716666666666667
5.720833333333333
5.725
5.729166666666667
5.733333333333333
5.735555555555556
5.737777777777778
5.74
5.742222222222222
5.7444444444444445
5.746666666666667
5.748888888888889
5.751111111111111
5.753333333333333
5.7555555555555555
5.757777777777778
5.76
5.762222222222222
5.764444444444444
5.766666666666667
5.769230769230769
5.771794871794872
5.774358974358974
5.776923076923077
5.779487179487179
5.782051282051282
5.7846153846153845
5.787179487179487
5.78974358974359
5.792307692307692
5.794871794871795
5.797435897435897
5.8
5.803030303030303
5.806060606060606
5.809090909090909
5.812121212121212
5.8151515151515145
5.818181818181818
5.821212121212121
5.824242424242424
5.827272727272727
5.83030303030303
5.833333333333333
5.836363636363636
5.839393939393939
5.842424242424242
5.845454545454545
5.848484848484848
5.851515151515152
5.8545454545454545
5.857575757575757
5.86060606060606
5.863636363636363
5.866666666666666
5.87037037037037
5.874074074074074
5.877777777777777
5.881481481481481
5.885185185185185
5.888888888888889
5.892592592592592
5.896296296296296
5.9
5.903333333333333
5.906666666666667
5.91
5.913333333333334
5.916666666666667
5.92
5.923333333333334
5.926666666666667
5.930000000000001
5.933333333333334
5.935714285714286
5.938095238095238
5.940476190476191
5.942857142857143
5.945238095238095
5.947619047619048
5.95
5.9523809523809526
5.954761904761905
5.957142857142857
5.95952380952381
5.961904761904762
5.964285714285714
5.966666666666667
5.97
5.973333333333334
5.976666666666667
5.98
5.983333333333333
5.986666666666666
5.99
5.993333333333333
5.996666666666667
6.0
6.002777777777778
6.0055555555555555
6.008333333333333
6.011111111111111
6.013888888888889
6.016666666666667
6.019444444444444
6.022222222222222
6.025
6.027777777777778
6.030555555555555
